S2
0.5600000000000004
3.122502256758253e-17
2.42861286636753e-17
-0.02999999999999997
0.010000000000000031
0.010000000000000024
0.010000000000000024
-0.02999999999999997
0.09000000000000002
0.08000000000000003
0.05000000000000003
0.030000000000000034
0.020000000000000025
S3
3.122502256758253e-17
0.4600000000000003
-0.14999999999999997
-0.05999999999999998
-0.03999999999999997
-0.06999999999999998
0.030000000000000027
0.09000000000000002
0.10000000000000002
-0.08999999999999997
-0.049999999999999975
-0.019999999999999976
0.010000000000000024
S4
2.42861286636753e-17
-0.14999999999999997
0.5600000000000004
0.09000000000000002
-0.07999999999999997
-0.09999999999999996
-0.05999999999999998
3.122502256758253e-17
0.06000000000000003
0.06000000000000003
0.09000000000000002
0.04000000000000003
0.06000000000000003
S5
-0.02999999999999997
-0.05999999999999998
0.09000000000000002
0.4900000000000003
-0.04999999999999998
0.030000000000000034
0.020000000000000025
0.05000000000000003
0.040000000000000036
0.06000000000000003
0.020000000000000025
-0.009999999999999976
0.06000000000000003
S6
0.010000000000000031
-0.03999999999999997
-0.07999999999999997
-0.04999999999999998
0.6200000000000004
-0.009999999999999976
-0.04999999999999998
0.010000000000000031
-0.009999999999999976
0.02000000000000003
0.04000000000000003
2.42861286636753e-17
0.030000000000000034
S7
0.010000000000000024
-0.06999999999999998
-0.09999999999999996
0.030000000000000034
-0.009999999999999976
0.5800000000000004
0.07000000000000003
-0.009999999999999969
0.11000000000000001
0.060000000000000005
-0.08999999999999997
0.010000000000000024
0.04000000000000003
S8
0.010000000000000024
0.030000000000000027
-0.05999999999999998
0.020000000000000025
-0.04999999999999998
0.07000000000000003
0.5700000000000004
0.10000000000000002
0.010000000000000031
-0.01999999999999997
-0.009999999999999969
0.06000000000000003
0.04000000000000003
S9
-0.02999999999999997
0.09000000000000002
3.122502256758253e-17
0.05000000000000003
0.010000000000000031
-0.009999999999999969
0.10000000000000002
0.5400000000000003
0.04000000000000003
0.06000000000000003
0.020000000000000025
0.07000000000000003
-0.009999999999999976
S10
0.09000000000000002
0.10000000000000002
0.06000000000000003
0.040000000000000036
-0.009999999999999976
0.11000000000000001
0.010000000000000031
0.04000000000000003
0.8700000000000006
0.06000000000000003
0.08000000000000003
-0.02999999999999997
0.09000000000000002
SJ
0.08000000000000003
-0.08999999999999997
0.06000000000000003
0.06000000000000003
0.02000000000000003
0.060000000000000005
-0.01999999999999997
0.06000000000000003
0.06000000000000003
0.9600000000000004
0.010000000000000024
0.02000000000000003
0.040000000000000036
SQ
0.05000000000000003
-0.049999999999999975
0.09000000000000002
0.020000000000000025
0.04000000000000003
-0.08999999999999997
-0.009999999999999969
0.020000000000000025
0.08000000000000003
0.010000000000000024
1.1400000000000003
-0.04999999999999998
2.42861286636753e-17
SK
0.030000000000000034
-0.019999999999999976
0.04000000000000003
-0.009999999999999976
2.42861286636753e-17
0.010000000000000024
0.06000000000000003
0.07000000000000003
-0.02999999999999997
0.02000000000000003
-0.04999999999999998
1.2900000000000005
-0.009999999999999969
SA
0.020000000000000025
0.010000000000000024
0.06000000000000003
0.06000000000000003
0.030000000000000034
0.04000000000000003
0.04000000000000003
-0.009999999999999976
0.09000000000000002
0.040000000000000036
2.42861286636753e-17
-0.009999999999999969
1.5600000000000005
O2
-0.03999999999999997
-2.42861286636753e-17
0.029999999999999978
0.07
0.07
0.10999999999999999
0.05
0.07
0.2300000000000001
0.17000000000000004
0.12999999999999995
0.10000000000000002
0.030000000000000027
O3
-2.42861286636753e-17
-0.18000000000000005
0.05999999999999998
-0.10000000000000002
0.07
0.10999999999999996
-0.03999999999999997
0.07
0.07000000000000003
0.09000000000000002
0.08000000000000003
0.17000000000000004
0.13
O4
0.029999999999999978
0.05999999999999998
-0.02999999999999997
-0.029999999999999978
0.009999999999999997
-0.04000000000000003
0.05
0.020000000000000025
0.020000000000000025
0.04000000000000003
0.07000000000000003
0.040000000000000036
0.030000000000000027
O5
0.07
-0.10000000000000002
-0.029999999999999978
-0.11000000000000001
0.05
0.04
-0.010000000000000024
0.05000000000000003
0.08000000000000003
2.42861286636753e-17
0.10000000000000002
0.16000000000000003
-0.009999999999999969
O6
0.07
0.07
0.009999999999999997
0.05
-0.08999999999999997
0.07
-0.05999999999999998
0.14
0.040000000000000036
0.06000000000000003
0.08000000000000003
0.08000000000000003
0.10000000000000002
O7
0.10999999999999999
0.10999999999999996
-0.04000000000000003
0.04
0.07
-0.019999999999999914
-0.009999999999999997
0.17000000000000004
0.05000000000000003
0.04000000000000003
-0.019999999999999976
0.030000000000000027
0.030000000000000027
O8
0.05
-0.03999999999999997
0.05
-0.010000000000000024
-0.05999999999999998
-0.009999999999999997
-0.03999999999999997
0.13
0.11000000000000001
0.14
0.13
2.42861286636753e-17
-0.009999999999999976
O9
0.07
0.07
-0.07999999999999997
-0.049999999999999975
0.04000000000000001
0.06999999999999998
0.030000000000000027
0.06999999999999998
0.11000000000000001
2.42861286636753e-17
2.42861286636753e-17
0.010000000000000031
0.010000000000000024
O10
0.13
-0.02999999999999997
-0.07999999999999997
-0.01999999999999997
-0.05999999999999998
-0.049999999999999975
0.010000000000000024
0.010000000000000031
-0.01999999999999997
-0.02999999999999997
0.009999999999999997
-0.07
-0.04
OJ
0.07000000000000003
-0.009999999999999969
-0.05999999999999998
-0.09999999999999996
-0.04
-0.05999999999999998
0.040000000000000036
-0.09999999999999996
-0.02999999999999997
0.1499999999999999
0.09
0.04000000000000003
-0.06999999999999998
OQ
0.030000000000000006
-0.019999999999999976
-0.02999999999999997
3.122502256758253e-17
-0.01999999999999997
-0.11999999999999995
0.030000000000000027
-0.09999999999999996
0.009999999999999997
0.09
0.2899999999999999
-0.06999999999999998
-0.05999999999999998
OK
3.122502256758253e-17
0.07
-0.060000000000000005
0.06000000000000003
-0.01999999999999997
-0.06999999999999998
-0.09999999999999996
0.010000000000000031
-0.07
0.04000000000000003
-0.06999999999999998
0.5199999999999999
0.08000000000000003
OA
-0.06999999999999998
0.030000000000000027
-0.06999999999999998
-0.10999999999999996
2.42861286636753e-17
-0.06999999999999998
-0.10999999999999996
0.010000000000000024
-0.04
-0.06999999999999998
-0.05999999999999998
0.08000000000000003
0.79
